
>>> cGetBoardInfo
    TX 0C 00 EA 51 01 00 00 00 09 01 01 00 00 00 00 00
    RX FRAME 00 00 01 00 09 81 01 00 00 00 00 00 00 00 00 00 C8 0C 6A 07 05 01 01 01 B4 B0 00 00 D8 55 00 00 00 08 01 01 00 10 01 01 00 00 00 00 00 00 00 00 00 00 00 00 00 00 00 00 00 00 00 00 00 00 00 00 00 00 00 00 00 00 00 00 00 00 00 00 00 00 00 00 00 00 00 00 00 00 00 00 00 00 00 00 00 00 00 00 00 00 00 00 00 00 00 00 00 00 00 00 00 00 00 00 00 00 00 00 00 00 00 00 00 00 00 00 00 00 00 00 00 00 00 00 00 00 00 00 00 00 00 00 00 00 00 00 00 00 00 00 00 00 00 00 00 00 00 00 00 00 00 00 00 00 00 00 00 00 00 00 00 00 00 00 00 00 00 00 00 00 00 00
       route_a=0x0000 route_b=0x0001 command=0x8109 seq=1 body[168]=00 00 00 00 C8 0C 6A 07 05 01 01 01 B4 B0 00 00 D8 55 00 00 00 08 01 01… | status=0x00000000

>>> open resource 21 diagnostic 125000
    TX 14 00 F2 51 01 15 00 00 06 00 02 00 00 00 00 00 00 00 00 00 48 E8 01 00
    RX FRAME 00 00 01 15 06 80 02 00 00 00 00 00 00 00 00 00 D0 68 79 07 00
       route_a=0x0000 route_b=0x1501 command=0x8006 seq=2 body[9]=00 00 00 00 D0 68 79 07 00 | status=0x00000000
   -> open 0

>>> cSetPin(1,3,11)
    TX 18 00 FE 51 01 15 00 00 12 00 03 00 00 00 00 00 01 00 00 00 03 00 00 00 0B 00 00 00
    RX FRAME 00 00 01 15 12 80 03 00 00 00 00 00 00 00 00 00 74 28 89 07 00
       route_a=0x0000 route_b=0x1501 command=0x8012 seq=3 body[9]=00 00 00 00 74 28 89 07 00 | status=0x00000000
   -> setpin 0

>>> cOutboundData 0x733 03 19 02 ff 00 00 00 00 on resource 21, application header
    TX 24 00 C2 51 01 15 00 00 08 00 04 00 01 00 00 00 00 00 00 00 00 00 00 00 0C 00 00 00 00 00 07 33 03 19 02 FF 00 00 00 00
    RX FRAME 00 00 01 15 08 80 04 00 01 00 00 00 00 01 00 00 14 36 9A 07 00 00 00 00
       route_a=0x0000 route_b=0x1501 command=0x8008 seq=4 body[12]=00 01 00 00 14 36 9A 07 00 00 00 00 | status=0x00000100
   -> outbound reply status 256 after 3.12 s

>>> close resource 21
    TX 0C 00 EA 51 01 15 00 00 07 00 05 00 00 00 00 00
    RX FRAME 00 00 01 15 07 80 05 00 00 00 00 00 00 00 00 00 90 C1 C9 07 00
       route_a=0x0000 route_b=0x1501 command=0x8007 seq=5 body[9]=00 00 00 00 90 C1 C9 07 00 | status=0x00000000
   -> close 0

>>> open resource 5 diagnostic 500000
    TX 14 00 F2 51 01 05 00 00 06 00 06 00 00 00 00 00 00 00 00 00 20 A1 07 00
    RX FRAME 00 00 01 05 06 80 06 00 00 00 00 00 00 00 00 00 10 0A D9 07 00
       route_a=0x0000 route_b=0x0501 command=0x8006 seq=6 body[9]=00 00 00 00 10 0A D9 07 00 | status=0x00000000
   -> open 0

>>> cSetPin(1,6,14)
    TX 18 00 FE 51 01 05 00 00 12 00 07 00 00 00 00 00 01 00 00 00 06 00 00 00 0E 00 00 00
    RX FRAME 00 00 01 05 12 80 07 00 00 00 00 00 00 00 00 00 34 72 E8 07 00
       route_a=0x0000 route_b=0x0501 command=0x8012 seq=7 body[9]=00 00 00 00 34 72 E8 07 00 | status=0x00000000
   -> setpin 0

>>> cOutboundData 0x7E0 03 19 02 ff 00 00 00 00 on resource 5, application header
    TX 24 00 C2 51 01 05 00 00 08 00 08 00 01 00 00 00 00 00 00 00 00 00 00 00 0C 00 00 00 00 00 07 E0 03 19 02 FF 00 00 00 00
    RX FRAME 00 00 01 05 08 80 08 00 01 00 00 00 00 01 00 00 50 63 F9 07 00 00 00 00
       route_a=0x0000 route_b=0x0501 command=0x8008 seq=8 body[12]=00 01 00 00 50 63 F9 07 00 00 00 00 | status=0x00000100
   -> outbound reply status 256 after 3.04 s

>>> close resource 5
    TX 0C 00 EA 51 01 05 00 00 07 00 09 00 00 00 00 00
    RX FRAME 00 00 01 05 07 80 09 00 00 00 00 00 00 00 00 00 60 BB 27 08 00
       route_a=0x0000 route_b=0x0501 command=0x8007 seq=9 body[9]=00 00 00 00 60 BB 27 08 00 | status=0x00000000
   -> close 0
