port COM3 open at 115200; bus ms: 125000 bit/s, pins (3, 11)

>>> cGetBoardInfo
    TX 0C 00 EA 51 01 00 00 00 09 01 01 00 00 00 00 00
    RX FRAME 00 00 01 00 09 81 01 00 00 00 00 00 00 00 00 00 D0 97 B2 34 05 01 01 01 B4 B0 00 00 D8 55 00 00 00 08 01 01 00 10 01 01 00 00 00 00 00 00 00 00 00 00 00 00 00 00 00 00 00 00 00 00 00 00 00 00 00 00 00 00 00 00 00 00 00 00 00 00 00 00 00 00 00 00 00 00 00 00 00 00 00 00 00 00 00 00 00 00 00 00 00 00 00 00 00 00 00 00 00 00 00 00 00 00 00 00 00 00 00 00 00 00 00 00 00 00 00 00 00 00 00 00 00 00 00 00 00 00 00 00 00 00 00 00 00 00 00 00 00 00 00 00 00 00 00 00 00 00 00 00 00 00 00 00 00 00 00 00 00 00 00 00 00 00 00 00 00 00 00 00 00 00
       route_a=0x0000 route_b=0x0001 command=0x8109 seq=1 body[168]=00 00 00 00 D0 97 B2 34 05 01 01 01 B4 B0 00 00 D8 55 00 00 00 08 01 01… | status=0x00000000

>>> cOpenChannel listen-only, route 0x1501, 125000 bit/s
    TX 14 00 F2 51 01 15 00 00 06 00 02 00 00 00 00 00 00 00 00 10 48 E8 01 00
    RX FRAME 00 00 01 15 06 80 02 00 00 00 00 00 00 00 00 00 90 95 C2 34 00
       route_a=0x0000 route_b=0x1501 command=0x8006 seq=2 body[9]=00 00 00 00 90 95 C2 34 00 | status=0x00000000

>>> cSetPin(connect=1, 3, 11) on token 0x1501
    TX 18 00 FE 51 01 15 00 00 12 00 03 00 00 00 00 00 01 00 00 00 03 00 00 00 0B 00 00 00
    RX FRAME 00 00 01 15 12 80 03 00 00 00 00 00 00 00 00 00 D4 19 D2 34 00
       route_a=0x0000 route_b=0x1501 command=0x8012 seq=3 body[9]=00 00 00 00 D4 19 D2 34 00 | status=0x00000000

>>> listening 3s for cInboundData (0x0009) on token 0x1501
    frames received: 0

>>> cCloseChannel on 0x1501
    TX 0C 00 EA 51 01 15 00 00 07 00 04 00 00 00 00 00
    RX FRAME 00 00 01 15 07 80 04 00 00 00 00 00 00 00 00 00 CC 6D 12 35 00
       route_a=0x0000 route_b=0x1501 command=0x8007 seq=4 body[9]=00 00 00 00 CC 6D 12 35 00 | status=0x00000000

done
