port COM3 open at 115200; bus hs: 500000 bit/s, pins (6, 14)

>>> cGetBoardInfo
    TX 0C 00 EA 51 01 00 00 00 09 01 01 00 00 00 00 00
    RX FRAME 00 00 01 00 09 81 01 00 00 00 00 00 00 00 00 00 C4 9C 41 34 05 01 01 01 B4 B0 00 00 D8 55 00 00 00 08 01 01 00 10 01 01 00 00 00 00 00 00 00 00 00 00 00 00 00 00 00 00 00 00 00 00 00 00 00 00 00 00 00 00 00 00 00 00 00 00 00 00 00 00 00 00 00 00 00 00 00 00 00 00 00 00 00 00 00 00 00 00 00 00 00 00 00 00 00 00 00 00 00 00 00 00 00 00 00 00 00 00 00 00 00 00 00 00 00 00 00 00 00 00 00 00 00 00 00 00 00 00 00 00 00 00 00 00 00 00 00 00 00 00 00 00 00 00 00 00 00 00 00 00 00 00 00 00 00 00 00 00 00 00 00 00 00 00 00 00 00 00 00 00 00 00
       route_a=0x0000 route_b=0x0001 command=0x8109 seq=1 body[168]=00 00 00 00 C4 9C 41 34 05 01 01 01 B4 B0 00 00 D8 55 00 00 00 08 01 01… | status=0x00000000

>>> cOpenChannel listen-only, route 0x0501, 500000 bit/s
    TX 14 00 F2 51 01 05 00 00 06 00 02 00 00 00 00 00 00 00 00 10 20 A1 07 00
    RX FRAME 00 00 01 05 06 80 02 00 00 00 00 00 00 00 00 00 D0 6C 51 34 00
       route_a=0x0000 route_b=0x0501 command=0x8006 seq=2 body[9]=00 00 00 00 D0 6C 51 34 00 | status=0x00000000

>>> cSetPin(connect=1, 6, 14) on token 0x0501
    TX 18 00 FE 51 01 05 00 00 12 00 03 00 00 00 00 00 01 00 00 00 06 00 00 00 0E 00 00 00
    RX FRAME 00 00 01 05 12 80 03 00 00 00 00 00 00 00 00 00 78 F1 60 34 00
       route_a=0x0000 route_b=0x0501 command=0x8012 seq=3 body[9]=00 00 00 00 78 F1 60 34 00 | status=0x00000000

>>> listening 3s for cInboundData (0x0009) on token 0x0501
    frames received: 0

>>> cCloseChannel on 0x0501
    TX 0C 00 EA 51 01 05 00 00 07 00 04 00 00 00 00 00
    RX FRAME 00 00 01 05 07 80 04 00 00 00 00 00 00 00 00 00 B8 84 A1 34 00
       route_a=0x0000 route_b=0x0501 command=0x8007 seq=4 body[9]=00 00 00 00 B8 84 A1 34 00 | status=0x00000000

done
